age,tenure,balance,num_products,has_credit_card,is_active_member,estimated_salary,geography_france,geography_germany,geography_spain,gender_female,gender_male,churn
56,4,80919.81,2,0,1,133498.99,1,1,0,1,1,0
69,4,106359.11,1,1,0,65082.7,1,1,0,1,1,1
46,6,126902.59,2,0,0,125901.57,0,1,1,0,1,1
32,3,60602.43,2,1,0,120279.82,1,1,0,1,1,0
60,5,28709.21,1,1,1,97419.56,1,1,0,1,1,0
25,3,152655.01,2,0,0,79227.36,1,1,1,0,1,1
38,2,72157.64,2,1,1,147137.12,0,1,1,0,0,0
56,6,145309.56,3,1,0,30295.11,1,0,0,0,0,1
36,7,38590.68,2,0,0,111521.8,0,0,0,1,1,0
40,3,120285.03,2,1,0,36766.7,1,1,1,1,0,1
28,1,133147.36,2,1,1,57356.83,1,0,0,0,0,0
28,9,12955.88,3,0,1,53217.82,0,1,0,0,1,1
41,2,84151.07,1,0,1,142585.04,1,1,1,1,0,1
70,0,33603.67,3,0,0,145429.86,0,0,1,0,1,0
53,7,15843.74,3,1,0,35622.16,0,1,0,1,1,1
57,2,247490.06,1,0,1,13084.92,0,1,0,0,1,0
41,9,80588.46,3,1,1,110801.13,1,0,0,0,1,1
20,6,202468.61,1,1,1,68518.59,1,0,1,1,1,1
39,9,63660.16,3,1,1,22437.63,1,1,0,0,0,1
70,4,170375.68,1,1,1,105725.57,0,0,0,0,1,0
19,9,190056.96,2,1,1,86314.77,1,0,1,0,0,1
41,4,148909.69,3,1,0,147272.36,0,1,1,1,1,0
61,6,117894.05,3,1,1,41837.33,1,0,0,0,1,1
47,8,102960.23,3,0,0,66556.9,0,0,1,0,1,0
55,4,87217.07,3,0,0,85956.41,0,1,1,0,0,0
19,0,232382.29,2,1,1,120838.0,0,0,0,0,1,0
38,9,207654.85,3,1,1,86837.41,1,0,1,0,1,1
50,9,241256.73,2,0,0,95806.02,0,1,1,0,1,0
29,0,31074.31,2,1,1,41660.59,0,1,0,1,1,1
39,1,182716.87,2,0,1,128568.62,0,1,1,1,0,0
61,5,234585.11,2,0,0,70008.28,0,0,0,0,1,0
42,8,45308.27,1,0,0,29734.35,0,1,0,1,0,0
66,7,16624.07,1,1,0,102986.31,0,1,1,1,1,0
44,4,185280.16,3,1,1,40252.66,1,0,1,0,0,1
59,0,143618.28,1,0,0,23658.75,1,1,1,1,0,0
45,6,210457.19,1,0,1,130678.17,0,1,0,1,1,0
33,4,34943.09,3,0,0,74422.72,1,1,1,1,1,1
32,5,198816.83,3,0,0,114899.72,1,1,0,1,0,0
64,6,50406.83,3,0,0,50682.26,0,0,1,1,1,0
68,2,40913.99,1,1,1,120175.82,0,1,1,1,1,0
61,9,41066.45,1,0,1,25671.03,0,1,1,1,1,0
72,2,203643.68,3,1,0,59836.27,1,0,0,1,0,1
69,4,166299.31,2,0,0,146928.65,0,1,1,0,1,1
74,5,130766.36,3,1,0,121158.56,1,0,1,0,1,0
20,8,89707.62,2,1,1,79615.83,0,0,0,1,1,1
54,4,219300.14,2,1,0,57568.85,1,0,0,1,0,1
68,0,98111.28,3,1,1,132099.0,0,1,1,0,1,0
24,3,204149.86,3,1,0,86278.69,0,0,1,1,0,1
38,4,109783.73,3,1,0,116179.5,1,0,1,1,1,0
26,9,94236.11,1,0,0,115575.08,1,0,0,0,0,1
56,9,115669.95,2,1,0,12512.39,1,1,0,0,1,1
35,4,75344.47,1,0,0,27675.53,1,1,0,0,1,1
21,6,186902.35,1,1,0,102348.11,1,1,0,1,0,0
42,3,125680.1,3,1,1,32626.77,1,1,1,1,0,1
31,0,58053.17,1,0,0,45769.07,0,1,0,0,0,0
67,4,224893.64,3,1,1,142529.31,1,1,0,0,1,0
26,6,95972.81,2,0,0,88425.52,0,1,0,1,1,1
43,9,135888.22,3,0,0,115102.13,0,0,1,0,1,0
70,9,226618.03,1,0,1,88117.3,1,0,1,1,1,1
19,5,156059.5,1,0,0,87351.91,0,0,0,1,0,0
37,4,29224.51,3,1,1,23181.27,1,0,0,0,1,0
45,3,234958.03,3,1,1,58112.85,1,1,1,0,1,1
64,1,156927.01,1,0,0,49540.33,0,0,1,1,1,1
24,3,83726.4,2,1,1,64701.97,0,0,1,0,1,1
61,9,34818.02,2,1,1,121768.19,1,0,1,0,1,1
25,9,198506.3,3,0,0,62070.57,1,0,1,0,1,0
64,2,155018.19,2,1,1,73237.55,0,1,1,0,1,0
52,9,133365.27,1,0,0,65633.39,0,1,1,1,0,0
31,0,223473.15,3,0,0,23077.12,0,1,1,1,1,1
34,7,197149.3,1,1,0,71750.1,0,0,0,1,1,0
53,4,37918.72,1,1,0,37385.3,1,1,0,1,1,1
67,3,77930.52,2,1,1,36141.26,1,0,0,0,1,0
57,7,62122.28,3,0,0,23165.05,1,1,0,0,0,1
21,6,185986.57,3,0,0,59933.94,1,1,0,1,0,0
19,1,8383.11,2,1,1,116047.46,0,1,0,1,0,0
23,0,142472.42,1,1,0,48701.84,0,1,1,0,0,1
71,3,190614.67,1,1,0,53728.87,1,1,1,1,0,0
59,7,219191.41,1,1,1,99974.45,1,0,0,1,0,1
21,1,85520.44,1,0,1,37417.71,1,1,0,0,1,0
71,2,205314.33,3,1,1,135574.11,1,0,1,1,0,0
46,0,27657.93,3,0,1,82826.67,1,0,1,0,0,1
35,0,211613.07,2,0,1,72664.41,1,0,1,0,1,1
43,2,31872.17,2,1,1,88094.83,1,0,0,1,0,0
61,4,99321.82,3,1,1,33244.8,1,0,1,0,1,0
51,2,199323.84,3,1,0,95886.24,1,1,0,1,1,0
27,0,37479.36,1,0,1,60834.1,0,1,0,0,0,0
53,0,57312.85,1,1,1,135606.09,1,1,1,1,1,0
31,7,180563.14,2,1,1,33639.59,0,1,1,1,0,0
48,9,180009.13,3,0,0,80987.15,0,0,0,1,0,1
65,1,160286.91,2,1,0,93735.77,1,1,1,0,1,1
32,2,173487.11,3,0,1,14673.7,1,1,1,0,1,1
25,1,135681.11,1,1,1,60917.04,0,0,0,1,0,0
31,2,62949.76,2,0,1,112568.93,0,0,1,0,1,0
40,6,86424.0,2,1,0,124852.85,1,1,0,1,1,0
74,0,45399.43,3,1,0,53842.68,0,1,0,1,0,1
57,9,227112.64,1,0,1,121803.06,1,0,1,0,0,1
38,7,145847.95,2,0,0,145485.82,1,1,0,1,1,0
33,9,100212.85,1,1,1,129962.35,1,1,0,0,0,0
62,9,115501.45,2,0,0,26470.16,0,1,1,1,0,1
35,9,236820.83,1,0,0,113562.25,0,1,1,0,0,1
64,1,38337.85,3,0,1,54753.36,1,0,1,1,0,1
70,2,146557.46,2,0,1,148378.24,0,0,0,1,0,0
41,8,126472.17,2,1,1,77950.26,0,0,0,0,0,0
43,6,152863.56,1,1,1,27140.75,0,1,1,1,0,0
42,3,4527.55,1,0,0,111525.98,0,1,0,1,1,1
62,9,218030.98,2,0,0,55221.57,0,1,1,0,0,1
58,4,233029.57,3,0,0,149590.94,0,1,1,1,1,0
46,1,141283.3,1,0,1,147169.54,0,1,0,0,1,0
32,7,174162.71,1,1,0,101858.76,1,0,1,1,1,1
62,3,230624.85,1,1,1,28175.7,0,1,0,0,0,0
18,8,176809.66,2,0,0,106160.54,0,1,0,1,0,1
42,4,38134.76,2,0,1,23024.27,0,0,1,1,1,1
24,8,144072.09,2,0,1,14110.98,0,1,0,1,0,0
26,3,151678.76,2,1,0,125214.18,0,0,1,0,1,1
41,9,106032.67,3,0,1,39365.41,0,0,0,0,0,0
18,4,184111.06,3,1,1,63063.8,0,0,0,0,0,1
61,8,233591.75,2,0,0,146284.03,0,0,0,0,1,1
25,7,231392.13,3,1,1,57157.67,1,0,1,1,1,0
41,2,112709.84,1,0,1,51508.57,0,1,0,1,1,1
28,0,28309.51,1,1,1,138549.12,0,0,1,0,0,0
68,2,246210.3,1,0,0,25504.78,0,0,0,0,1,0
34,3,209724.52,2,0,0,116341.54,0,1,0,0,0,1
25,1,31165.67,1,0,1,148329.18,1,1,1,1,0,0
52,0,230210.47,3,1,0,136181.44,1,0,1,0,0,0
52,6,217474.09,2,0,1,101233.51,1,1,1,0,1,0
50,7,129709.51,3,1,1,53968.51,1,1,1,1,1,0
22,6,147818.86,1,1,1,45605.08,1,0,1,1,1,0
59,4,99750.68,1,0,1,124695.71,1,0,0,0,0,0
56,0,13690.41,1,0,1,133175.07,1,1,0,1,0,1
58,6,83799.31,2,0,0,83560.89,1,0,1,0,1,0
45,6,200713.36,3,1,1,44207.59,1,0,0,1,0,1
24,8,1158.01,2,0,0,25812.05,1,1,0,0,0,1
26,2,83374.79,2,1,0,22205.13,1,0,0,0,1,0
25,8,99542.17,1,1,1,110670.84,1,0,1,0,1,1
29,0,134348.9,2,0,1,68816.62,1,0,0,0,1,1
51,0,229963.9,2,0,0,136750.38,1,0,0,1,0,0
50,3,86586.5,1,0,0,113553.98,1,0,0,1,0,0
65,8,86738.3,2,0,0,36776.46,1,1,1,1,0,0
72,5,184375.31,1,0,1,95928.84,0,1,0,1,0,1
40,2,113054.49,1,0,0,70970.76,1,0,0,0,0,1
41,0,56151.21,1,1,1,90814.96,0,1,1,0,1,0
54,3,113109.88,1,1,1,113329.68,1,0,1,1,0,0
52,8,35214.26,2,1,1,122867.42,1,0,0,1,0,1
61,2,44096.75,1,0,0,128123.23,0,0,0,1,0,1
57,8,124591.94,1,1,1,45556.48,1,0,1,1,1,1
39,6,104731.36,2,1,1,14356.18,0,0,1,1,1,1
44,3,228711.48,2,1,1,113501.26,0,1,1,0,1,0
52,2,90598.47,3,1,1,24888.12,0,1,1,0,0,1
18,9,145147.09,2,1,1,54088.74,1,0,1,0,1,1
52,4,158066.07,2,0,0,10534.4,1,1,1,1,1,1
54,4,3273.61,3,0,1,105433.73,1,0,1,1,1,1
64,2,165884.34,2,1,1,33398.48,0,1,0,1,0,0
31,8,44508.99,2,1,0,101739.54,0,0,1,1,1,0
20,3,240267.58,2,1,1,148843.97,1,1,1,0,0,1
18,4,37165.68,2,0,0,20173.92,1,0,0,0,0,1
22,3,103656.03,3,0,1,20790.92,1,0,1,1,1,0
43,4,21337.42,2,1,0,57653.21,1,1,1,0,0,0
72,6,249218.56,2,0,0,131294.11,1,1,0,0,1,1
31,8,125548.75,3,0,1,40174.18,0,0,1,1,0,1
56,6,148846.25,1,1,1,60452.89,0,1,0,1,1,0
44,4,16769.12,3,0,1,19590.76,0,0,0,1,1,0
26,9,187490.12,1,0,0,116841.74,1,1,0,1,1,0
32,9,52476.4,3,1,0,67162.89,0,1,0,1,0,0
32,6,224513.57,3,0,0,116294.82,0,0,1,1,1,0
43,9,51284.91,2,0,1,136505.1,0,1,0,0,0,0
59,4,47671.93,1,1,0,42586.84,0,1,0,0,1,1
30,2,9137.42,2,0,0,123035.44,0,0,1,1,0,0
68,6,118016.74,1,0,1,18273.14,1,1,0,0,0,0
49,1,141210.28,3,1,0,135838.63,0,0,0,1,1,0
56,8,16427.16,3,1,0,101107.6,1,0,0,1,1,0
66,9,193881.9,1,1,1,132391.74,1,0,0,1,1,1
69,9,113322.21,2,0,0,10026.38,1,0,1,1,1,1
49,0,131097.57,2,1,1,33671.35,1,0,0,0,1,0
21,5,110190.69,2,0,1,64566.31,1,1,1,1,0,1
47,6,100190.77,2,1,1,63130.41,0,0,1,0,1,1
54,7,139910.08,3,0,1,41742.25,0,0,0,1,1,1
40,9,38810.06,3,1,1,63425.67,1,1,0,1,0,1
56,8,45482.03,3,1,0,28038.82,1,1,0,1,1,1
62,1,215446.41,3,1,0,67786.56,1,1,0,0,1,1
32,9,236528.87,3,1,1,122329.61,0,0,1,1,0,0
60,1,93327.33,2,0,1,77069.81,1,0,1,1,1,0
46,4,67686.17,2,1,0,12520.01,0,0,1,1,1,0
53,4,160999.89,2,1,1,69002.17,1,1,0,0,1,0
30,5,102183.54,2,0,1,13804.5,0,0,1,0,0,0
49,2,6346.59,3,1,1,145274.08,1,1,0,0,1,1
24,7,39038.15,3,0,0,27843.55,0,0,0,1,0,0
68,0,178993.06,3,1,0,109076.37,1,1,0,0,1,0
39,5,164730.99,1,1,1,146188.69,0,0,0,1,0,1
45,3,6774.0,2,1,1,125645.47,0,0,0,0,1,1
19,0,55493.04,2,0,0,107904.15,0,0,1,0,0,0
59,6,57768.7,3,1,0,127524.53,0,1,1,1,0,1
62,8,167973.19,2,1,1,147451.82,0,1,0,0,0,1
74,3,4927.63,2,1,1,96988.23,0,0,1,1,0,1
70,3,26027.15,3,0,0,88285.87,0,0,0,1,0,1
23,5,199979.02,1,0,0,97953.34,1,0,0,0,0,0
45,2,44636.17,1,1,0,84574.62,1,1,0,1,1,1
45,5,163186.53,1,0,1,98912.47,1,0,1,1,1,0
61,6,59545.7,3,1,0,72977.91,1,0,0,0,0,0
61,9,24860.35,2,1,1,40582.05,1,0,0,0,0,1
37,9,60793.05,3,1,0,26834.61,0,0,1,1,0,1
47,2,180566.73,3,1,0,19567.73,0,1,1,0,0,1
28,6,213924.12,2,1,0,46864.21,0,1,1,1,1,0
72,2,207554.97,1,1,0,16457.3,0,0,0,1,0,1
45,1,99295.88,1,1,1,89403.91,0,0,0,0,1,1
42,9,167021.28,3,0,1,49735.98,1,1,1,0,1,1
56,3,51246.07,1,0,0,125434.87,1,1,0,0,0,1
50,7,73286.93,3,0,1,20393.72,1,0,1,0,0,1
18,8,224083.95,3,0,0,41689.21,1,1,1,1,1,0
74,6,3250.48,2,0,0,112234.46,0,1,0,1,1,1
44,0,21377.13,2,0,0,93833.16,0,0,0,0,0,1
74,2,51971.56,2,0,0,19028.78,0,1,1,0,0,1
69,8,6633.05,3,1,1,132813.52,1,1,1,1,0,0
30,0,45358.86,2,1,0,132816.65,0,0,1,1,1,1
58,8,145760.39,1,1,0,56257.12,1,0,1,1,1,0
20,7,105356.14,1,1,1,57656.82,0,1,0,1,0,0
56,0,223167.93,3,0,0,148463.97,0,0,1,0,1,1
23,5,204360.89,3,0,0,97664.66,1,1,1,1,1,1
25,4,85454.34,2,1,0,84384.31,0,0,1,1,0,1
44,5,64855.86,3,1,1,127341.31,0,1,0,0,0,0
26,9,94923.1,3,0,0,49940.65,1,0,0,1,1,0
54,4,147573.74,1,1,1,70085.56,0,1,1,1,1,0
50,5,67015.91,1,1,0,47488.73,1,1,0,0,0,0
68,4,156037.23,2,1,0,120482.52,0,1,0,0,0,0
59,4,102352.91,3,1,1,90268.91,0,0,0,0,0,0
61,3,138011.8,3,0,0,102235.51,0,0,1,1,0,1
41,2,109031.63,1,1,0,45323.01,0,1,1,1,0,1
32,2,73616.44,3,1,1,40831.54,0,1,0,0,1,0
71,3,237113.33,1,0,1,78372.45,0,0,1,0,1,1
49,8,190901.45,2,0,1,113259.2,0,0,1,1,1,1
49,1,35028.29,1,1,1,83533.57,0,0,0,0,1,0
41,8,217116.99,3,0,1,14570.39,1,0,0,0,0,0
58,0,121857.8,2,1,0,131597.21,1,0,1,0,0,1
69,0,223638.06,1,1,1,19056.17,0,0,0,1,0,0
66,4,199963.81,1,0,0,143815.43,0,1,1,1,1,0
66,5,106303.38,2,1,0,13519.87,1,0,1,1,1,1
69,5,5617.33,2,1,0,107223.06,0,1,0,1,1,0
29,2,67169.34,1,1,1,21508.99,0,0,1,1,0,1
56,6,135408.55,3,1,1,137494.72,1,0,1,1,1,1
19,8,158369.55,1,0,0,75020.65,0,1,0,0,0,1
20,9,64471.92,2,0,1,29253.33,0,1,0,1,0,1
66,7,34839.02,1,1,1,57714.2,1,0,0,1,0,1
54,5,208732.56,2,0,1,33075.45,0,1,1,0,0,0
66,7,246100.55,2,1,1,33881.47,0,1,0,1,0,0
73,4,131422.55,3,1,0,142735.16,1,1,0,1,0,0
34,7,42919.82,2,1,0,72334.46,0,1,0,0,1,0
66,9,68076.83,2,1,1,120432.32,1,0,0,0,0,1
19,3,4597.67,3,1,0,99544.78,0,1,1,0,0,1
19,9,228574.7,2,0,1,104699.69,0,0,1,1,1,0
45,7,29437.77,3,1,1,28437.08,1,0,0,0,0,1
71,9,144129.12,3,0,0,42785.82,1,0,1,1,1,0
40,1,68513.81,2,0,0,120145.05,0,0,0,1,1,0
54,4,138544.5,2,1,0,145907.27,1,1,0,1,1,0
49,8,162855.1,1,1,1,46774.59,1,1,1,1,0,1
50,3,207435.45,3,1,0,48019.63,0,0,1,0,0,1
18,5,51605.32,1,1,1,76205.6,0,0,0,0,1,1
36,0,2748.96,2,1,0,147737.64,0,0,0,1,0,1
19,8,34221.41,1,0,0,47654.25,1,0,1,0,0,0
70,0,225004.66,3,1,1,66976.07,1,1,0,1,1,1
61,4,218472.52,1,1,1,134807.2,1,0,1,1,1,1
43,3,149353.28,3,0,1,10408.94,1,1,0,1,0,1
49,2,150129.22,2,0,1,15567.24,0,0,0,0,1,0
23,5,166259.17,2,1,1,94570.03,1,0,1,1,1,0
49,1,43842.82,3,0,1,137033.22,0,0,1,1,1,1
72,2,228602.99,2,1,1,43439.93,1,0,1,0,0,1
21,4,104692.63,2,0,1,75749.85,0,1,1,0,0,1
72,8,95784.63,2,0,0,73065.14,0,1,1,0,0,1
28,1,129729.43,2,1,1,76215.99,0,1,1,0,1,0
73,9,11741.49,3,0,1,97152.76,1,0,1,1,0,1
34,7,41570.84,1,0,0,75764.13,0,0,0,0,1,1
55,1,184508.4,1,0,1,72645.54,0,1,0,1,0,1
41,4,20699.67,2,0,0,76400.38,1,1,0,0,0,0
22,6,150788.03,1,0,0,92721.44,0,0,1,0,1,0
69,7,61337.28,1,0,1,85181.05,1,0,1,0,0,1
51,0,97323.9,2,1,0,129579.04,1,1,1,0,1,1
23,5,72173.43,2,1,1,16929.56,0,0,0,0,0,1
39,0,88918.18,1,0,0,126664.39,0,0,1,0,0,1
28,1,179761.48,3,1,0,128149.45,1,1,1,1,1,1
65,0,74280.43,2,1,0,49887.12,0,0,0,0,1,0
33,4,141601.16,3,1,1,74799.27,1,1,1,0,1,0
50,9,119012.6,1,0,1,71395.39,1,0,0,0,0,0
26,8,165917.79,2,1,0,40591.38,1,1,0,0,0,1
23,5,234207.43,3,0,0,65551.56,0,0,1,1,0,0
33,0,183143.02,2,1,1,16214.29,1,1,1,0,1,0
46,0,53735.09,1,0,1,48895.09,0,1,1,0,1,0
20,1,7795.78,3,0,0,124335.5,0,1,0,0,1,1
37,8,65566.01,1,1,0,49838.72,0,1,0,0,0,1
53,2,148769.48,1,1,1,124548.93,0,0,0,1,0,0
36,0,12856.45,2,0,1,84423.93,1,0,1,0,1,1
43,4,124091.56,3,1,1,133180.77,0,1,1,1,0,0
20,6,149210.71,1,1,1,90469.14,1,0,1,0,1,0
36,5,83560.97,1,1,1,14153.55,1,0,1,1,0,0
37,0,192728.05,3,0,0,104558.83,0,0,0,1,0,0
49,4,26649.56,1,0,1,16279.5,1,0,0,0,1,1
24,4,18784.45,1,1,0,73083.58,1,0,0,0,0,1
69,5,182047.19,3,1,1,140119.74,0,1,0,1,0,1
58,2,123872.83,3,1,0,33128.55,1,1,1,1,1,1
50,4,172100.6,3,0,1,64582.13,1,1,1,0,1,0
57,6,108706.83,3,0,1,112180.44,1,1,1,1,0,1
56,4,61600.51,2,1,0,133516.2,1,0,0,1,1,0
35,4,204775.58,3,1,0,103932.02,0,0,0,1,0,1
57,4,199853.97,2,1,1,46144.26,1,1,1,0,1,1
18,9,173674.12,2,1,1,104445.1,1,0,1,1,0,1
28,9,68036.28,2,1,1,51541.87,1,0,0,1,0,0
45,2,147557.67,1,1,1,110580.09,1,1,1,1,1,0
74,0,90243.47,2,0,1,143564.64,0,0,0,0,0,0
42,4,22895.52,2,1,0,110995.08,1,1,0,0,0,0
67,8,229328.39,1,0,0,130803.27,0,1,0,1,1,1
40,0,34204.66,1,1,1,10294.54,1,0,1,0,1,0
48,2,237559.34,1,1,0,110460.1,0,0,1,1,0,0
47,3,111501.44,3,0,0,126142.26,0,1,0,0,1,1
59,0,46283.23,1,0,0,15678.22,0,1,1,0,1,1
52,0,135475.24,1,0,1,132023.68,0,0,0,1,0,0
24,7,218236.46,2,0,0,45937.19,0,1,0,0,0,1
33,1,183056.22,1,1,1,103140.89,1,1,0,0,1,0
43,7,201640.29,3,0,0,122049.68,1,1,0,0,1,1
65,6,164695.84,1,1,1,102773.03,1,0,1,1,1,0
74,9,173069.14,3,0,0,22919.87,0,1,0,0,0,0
69,9,212298.91,1,1,1,93485.01,1,0,0,0,0,0
66,1,62417.0,1,1,1,86941.71,0,1,1,1,0,0
19,5,122356.24,1,1,0,136044.98,0,0,0,0,0,0
18,5,55302.36,1,1,1,66593.56,1,1,0,0,0,1
65,2,246917.0,3,1,1,54951.35,1,0,1,0,0,0
29,1,236014.83,3,1,1,114979.11,0,0,1,0,0,0
22,0,9856.7,2,0,1,67774.55,0,0,1,0,1,0
54,5,176393.79,3,1,1,100453.46,1,1,0,1,1,0
49,4,231312.08,1,0,1,100503.01,1,1,1,1,0,0
72,8,45143.84,2,0,1,134325.47,1,1,1,0,0,1
26,0,141986.31,2,1,1,93816.94,1,0,0,0,0,1
58,6,228872.07,2,0,0,80301.51,0,1,0,0,1,0
52,4,8486.49,1,1,0,29441.99,1,0,0,1,0,1
36,4,174355.07,3,0,1,26203.26,1,1,0,1,1,0
65,1,74337.25,1,1,1,31605.02,1,0,0,0,1,1
33,2,231099.05,2,0,0,34058.79,0,0,1,0,1,1
20,6,242764.56,1,1,0,99302.79,0,0,1,1,1,0
37,5,236066.62,1,1,0,113737.38,0,1,1,0,1,1
41,1,118553.55,3,1,1,84198.81,0,1,0,1,0,1
71,5,215510.66,3,1,0,126062.48,1,1,0,1,0,0
73,1,211137.35,2,0,1,148776.85,0,0,0,0,1,0
50,1,79775.12,1,1,1,124801.77,1,0,1,1,0,1
41,1,207228.87,1,0,0,107283.53,1,1,1,0,1,1
69,2,9251.91,3,0,1,84548.98,1,1,0,0,1,1
28,1,149067.47,1,0,1,72839.43,1,1,1,0,0,0
66,3,57502.21,1,1,1,21814.93,0,0,0,0,0,1
25,8,30141.72,1,0,1,65911.62,0,0,1,0,0,1
53,5,19238.3,3,0,0,137418.85,0,0,1,0,0,1
55,0,174072.19,2,0,0,123123.17,1,0,1,1,0,0
57,7,84968.74,2,1,1,40247.19,1,0,0,1,1,0
37,6,181191.69,1,1,1,75325.09,1,1,1,1,0,0
52,9,16339.09,2,0,0,124341.25,1,0,1,1,0,0
65,2,78822.58,3,1,1,19433.84,1,0,0,0,0,1
42,0,134872.82,3,1,0,64234.96,0,0,1,1,1,0
52,4,197680.79,2,0,1,129257.77,1,0,0,1,0,1
42,3,79688.13,2,0,1,66545.7,0,0,0,1,1,1
46,9,156472.84,1,1,0,20866.05,1,1,0,0,0,1
35,7,221494.44,2,0,0,85954.81,1,0,0,1,0,1
63,0,153965.8,1,1,0,130643.95,0,0,0,0,1,0
35,9,58239.87,1,1,0,92639.98,0,0,1,1,0,0
19,0,6100.2,3,1,1,41679.08,1,1,0,0,0,0
71,3,217524.72,3,1,0,63793.55,1,1,0,0,1,0
52,7,5317.35,3,1,1,73017.27,1,1,0,1,0,0
33,4,218675.42,3,1,0,91097.29,1,0,0,0,1,1
58,1,132234.28,2,0,0,116309.14,0,1,1,0,1,0
53,5,234766.92,3,0,1,23842.31,1,0,0,1,1,0
50,4,199695.81,2,1,0,134551.28,0,0,1,1,1,0
21,1,249483.53,3,1,0,11723.36,1,1,0,1,1,0
50,2,87677.95,2,1,0,61807.33,0,0,1,0,0,1
31,8,191797.07,1,0,0,13838.84,0,0,0,0,0,1
38,6,100482.73,2,1,1,65016.39,1,0,0,0,0,1
65,6,119968.91,2,0,1,83613.76,0,1,1,1,1,1
37,5,156876.37,3,1,0,81635.39,1,0,0,0,1,1
73,7,218419.28,2,1,0,33187.97,0,0,1,0,1,0
25,3,246020.87,1,0,0,100403.67,1,1,0,0,1,1
24,7,192068.35,1,0,1,16268.98,0,0,1,0,0,1
20,3,104441.7,3,1,1,116666.95,1,0,0,0,0,1
34,7,105339.25,1,1,1,142530.22,1,1,0,0,1,0
50,8,184395.58,2,1,1,57567.64,0,0,1,0,1,0
65,2,59694.29,1,0,0,82413.51,0,0,0,1,0,1
29,2,27618.53,3,0,0,63047.44,0,0,0,1,1,0
68,1,88655.54,2,0,0,10939.45,0,0,0,1,1,0
39,9,71809.75,3,0,1,64022.43,1,0,0,0,1,1
72,2,74077.03,2,0,0,120840.84,0,1,0,0,0,0
39,2,58401.94,1,0,1,93438.44,1,1,0,1,0,0
63,4,10523.3,3,1,1,24176.39,0,1,1,0,1,0
47,4,4468.48,3,1,0,128599.53,1,1,1,1,0,1
55,1,246930.6,2,0,0,84351.95,1,0,1,0,1,1
55,9,106943.28,3,1,0,127841.27,1,0,0,0,1,1
62,5,96081.66,2,1,1,91231.01,1,0,1,1,0,0
68,4,169911.82,2,0,1,88356.38,0,0,0,1,1,1
71,5,54563.47,2,1,0,24736.29,0,0,0,1,1,0
25,0,237490.3,2,0,0,33430.36,1,1,0,1,0,0
44,4,196586.25,1,0,1,146083.54,0,1,0,1,1,0
44,8,22352.75,2,1,0,41988.14,0,0,1,0,1,1
51,9,104395.19,3,0,1,146843.3,1,0,0,0,1,1
38,1,219779.58,1,0,1,84467.78,0,0,1,0,0,1
47,0,236183.01,3,0,0,29010.47,0,1,0,1,1,1
50,9,116850.38,1,0,0,23902.31,0,0,1,1,0,0
45,8,153352.85,2,0,0,39240.97,1,0,1,1,1,1
64,9,41758.49,1,0,0,139589.23,0,0,1,1,1,0
50,8,247792.16,1,0,1,67981.03,1,1,1,1,1,1
22,8,57917.93,3,0,1,65360.8,0,0,1,1,1,1
65,5,235682.94,3,1,1,53848.88,0,1,1,0,0,1
36,7,162411.66,2,1,0,30588.66,0,1,0,0,0,0
21,0,151934.2,1,1,1,78299.17,1,1,1,0,1,0
52,9,128172.13,1,0,0,28206.69,1,1,0,0,1,0
66,3,57667.45,1,0,0,126967.23,0,1,1,0,1,0
34,0,44132.01,2,1,0,61855.58,1,1,0,1,1,0
61,7,55121.55,2,1,0,62472.5,0,0,1,1,1,1
45,0,46609.57,2,1,0,76360.9,1,0,1,1,1,0
47,2,194896.12,2,0,0,72177.88,1,0,0,1,1,0
46,3,87531.31,2,1,1,149280.12,0,1,1,1,1,0
63,7,14460.67,3,1,0,86353.36,0,0,1,1,0,0
70,5,242275.66,1,0,1,22348.24,0,1,1,0,0,1
23,9,220946.47,1,1,1,94962.83,0,1,0,1,0,0
52,6,231938.07,1,0,0,31221.8,1,1,1,1,1,1
58,7,248726.96,1,0,0,14331.27,1,0,0,1,1,1
54,1,43473.81,1,0,0,145903.9,1,1,1,1,1,1
41,9,99060.5,1,1,1,118295.44,0,1,1,0,0,0
46,7,189559.62,1,1,0,147215.26,0,0,0,0,1,1
66,2,174005.15,1,0,1,76902.98,1,0,1,1,0,0
63,6,38473.98,3,1,0,84516.05,0,1,1,0,1,0
70,2,203958.28,1,1,0,33567.17,1,1,0,0,0,0
48,6,56110.14,3,1,1,44567.04,1,0,1,1,0,0
52,1,55954.4,2,1,1,127396.89,1,0,0,1,0,0
50,9,134243.61,1,0,0,59865.99,1,0,0,1,1,1
69,5,148234.98,2,1,1,125754.1,1,1,0,1,0,1
38,2,145021.55,2,0,1,109261.92,0,0,1,1,1,0
49,2,22871.71,2,0,1,34803.93,0,0,0,0,1,1
40,8,219365.22,3,1,1,81042.49,0,0,0,1,1,0
50,6,66400.01,2,0,1,104834.23,1,1,1,1,1,1
20,4,32378.73,2,1,0,42905.21,1,0,0,1,1,1
35,9,222187.02,2,1,0,126296.39,1,0,1,0,0,1
42,6,238912.87,1,0,1,86275.87,1,0,1,1,1,1
59,8,215531.9,1,0,0,33133.89,0,0,1,1,1,1
48,0,202379.02,3,0,0,91617.82,0,0,1,1,1,0
71,6,163810.5,3,0,1,149959.93,1,1,0,0,1,0
20,5,137714.34,1,1,0,31073.01,1,1,0,1,1,1
57,9,21746.69,3,1,1,124345.97,1,1,0,1,0,0
63,8,102113.3,1,1,1,39023.26,0,0,0,1,0,1
41,0,93172.13,2,0,0,119534.37,0,1,0,0,1,0
67,3,64938.45,2,0,1,112840.91,0,1,1,1,0,1
49,8,180855.03,3,0,1,52068.51,1,1,0,1,0,1
64,3,123968.93,1,1,1,55615.24,1,0,0,1,1,1
39,9,20261.55,1,0,1,120952.99,0,0,0,0,0,0
40,2,55045.8,3,1,1,74602.37,1,1,1,1,1,0
19,8,170814.69,1,0,0,112314.52,0,1,1,1,0,1
44,1,19032.71,2,1,0,30717.78,1,0,0,1,0,1
59,3,212801.73,3,1,1,129358.09,0,0,1,0,0,0
19,5,123786.63,3,0,1,109523.86,1,1,0,0,1,0
43,1,120146.64,1,0,0,136971.99,0,0,0,1,0,0
34,7,148101.95,3,1,1,28532.13,0,1,1,0,0,0
57,7,206170.24,1,1,0,93022.03,0,0,1,0,1,0
50,0,86952.3,1,0,1,93876.88,0,1,0,0,1,1
26,2,169504.04,1,0,1,59484.5,0,1,0,1,0,0
60,9,141432.99,1,1,1,74185.3,0,0,1,1,1,1
71,8,66757.07,1,0,1,15317.42,1,1,0,0,0,1
65,4,219657.5,3,1,1,114420.41,1,1,1,0,0,0
56,5,199356.51,2,1,1,86905.15,1,1,0,0,1,0
46,3,164612.96,2,0,1,18083.75,0,0,1,1,1,1
59,9,212645.43,3,0,0,105305.83,0,0,0,1,1,0
72,1,216823.55,3,0,0,75349.49,1,0,0,0,0,1
43,7,177090.74,2,0,0,14824.58,0,1,1,0,1,0
52,5,209253.33,2,0,1,145745.08,0,0,0,0,0,0
67,4,174367.87,2,1,1,142875.7,0,1,0,0,1,0
42,8,170035.19,2,1,1,81806.34,0,1,1,1,0,1
41,0,154652.84,2,0,1,23114.14,0,0,0,0,1,0
30,4,188179.16,1,0,1,115646.97,1,0,0,1,0,1
24,5,39651.28,3,0,1,78870.35,1,1,0,0,1,0
74,4,220217.69,1,1,1,52342.65,1,1,1,0,0,1
53,5,217960.88,2,0,0,78798.54,1,0,1,0,1,0
62,5,7311.82,2,0,1,83142.18,1,0,1,0,1,1
37,6,206454.19,2,1,0,88779.64,0,0,0,0,0,1
18,3,32217.47,1,1,0,71771.32,0,1,0,1,1,1
25,7,83779.71,1,0,1,94805.74,0,1,0,0,0,1
63,6,185877.06,2,0,1,138622.86,0,1,0,0,0,1
33,8,40189.97,1,0,0,60717.53,1,1,1,0,1,1
31,6,204491.76,1,1,0,111600.3,1,1,0,1,0,0
29,2,208033.54,2,0,1,135223.36,1,0,0,1,1,1
68,2,126866.93,1,0,1,73837.1,0,0,0,1,1,1
40,7,1596.47,3,0,0,72083.82,1,1,1,1,0,1
32,4,71759.53,3,1,1,94296.38,0,1,0,0,1,0
45,3,154231.73,3,1,1,92796.95,1,0,0,0,0,0
51,7,245296.54,3,0,1,122922.51,1,0,0,0,0,0
19,5,157953.38,2,0,0,76707.67,0,0,0,1,1,1
49,1,64950.9,2,1,0,149457.21,0,0,0,0,1,0
40,3,158501.43,2,1,0,18326.02,1,1,1,0,0,0
39,3,134996.34,3,1,1,10443.5,1,0,0,1,0,1
68,5,194961.35,3,1,1,99627.76,0,1,0,1,1,1
42,5,26745.16,1,1,0,51780.89,1,0,0,1,1,0
39,0,190256.98,1,1,0,43653.53,1,0,0,0,1,1
39,7,135316.64,3,1,0,53665.87,0,0,0,0,1,1
66,5,240748.0,3,1,1,45846.66,1,1,0,1,0,1
69,2,85468.04,3,1,0,14310.61,0,1,0,0,1,1
59,8,158155.47,3,0,0,146014.63,1,0,0,1,0,0
23,1,233007.03,1,0,1,40904.37,0,1,0,1,0,1
32,7,25627.43,3,0,1,112764.17,1,1,0,0,1,0
71,9,234307.12,1,1,1,116763.5,0,0,1,1,0,0
60,2,171971.43,3,0,0,140096.04,1,0,1,1,1,0
54,4,16959.26,3,1,1,14276.92,0,1,1,1,0,0
50,5,75240.89,3,1,1,132086.77,1,1,1,0,1,1
25,9,177043.02,1,0,0,83811.67,1,1,0,1,0,1
